# Created by Octave 3.8.1, Mon Jan 18 19:10:27 2016 IST <godgrace@godgrace-Inspiron-5521>
# name: finalstorage
# type: matrix
# rows: 23
# columns: 2
 23.25890215 72.65043785
 23.25890215 72.65043785
 23.25845021 72.65113396
 23.2587207 72.65004571
 23.2587207 72.65004571
 23.2587207 72.65004571
 23.2587207 72.65004571
 23.2587207 72.65004571
 23.2587207 72.65004571
 23.25264825 72.64782481
 23.25264825 72.64782481
 23.25264825 72.64782481
 23.25264825 72.64782481
 23.25264825 72.64782481
 23.25264825 72.64782481
 23.25264825 72.64782481
 23.25264825 72.64782481
 23.25264825 72.64782481
 23.25264825 72.64782481
 23.25264825 72.64782481
 23.25264825 72.64782481
 23.25882732 72.65045443
 23.25884026 72.65050253


